62.2675,25.7948,0
62.2674,25.7947,205
62.2673,25.7946,205
62.2673,25.7946,0
62.2672,25.7945,205
62.2671,25.7944,205
62.2670,25.7943,205
62.2669,25.7942,205
62.2668,25.7941,205
62.2668,25.7941,0
62.2667,25.7940,205
62.2665,25.7938,205
62.2664,25.7936,223
62.2663,25.7933,234
62.2663,25.7930,270
62.2662,25.7926,242
62.2662,25.7923,270
62.2661,25.7919,242
62.2660,25.7917,223
62.2660,25.7915,270
62.2659,25.7912,234
62.2658,25.7910,223
62.2657,25.7909,205
62.2656,25.7908,205
62.2655,25.7908,180
62.2654,25.7909,155
62.2652,25.7910,167
62.2650,25.7912,155
62.2649,25.7913,155
62.2647,25.7915,155
62.2645,25.7916,167
62.2644,25.7917,155
62.2642,25.7919,155
62.2641,25.7922,126
62.2641,25.7926,90
62.2641,25.7929,90
62.2642,25.7933,62
62.2642,25.7936,90
62.2643,25.7938,43
62.2643,25.7941,90
62.2644,25.7944,54
62.2644,25.7947,90
62.2645,25.7949,43
62.2645,25.7952,90
62.2646,25.7955,54
62.2646,25.7958,90
62.2647,25.7962,62
62.2648,25.7965,54
62.2648,25.7968,90
62.2649,25.7972,62
62.2649,25.7976,90
62.2648,25.7979,126
62.2647,25.7984,113
62.2647,25.7987,90
62.2645,25.7987,180
62.2643,25.7984,215
62.2642,25.7983,205
62.2641,25.7982,205
62.2640,25.7981,205
62.2639,25.7979,223
62.2638,25.7977,223
62.2636,25.7973,223
62.2634,25.7970,215
62.2631,25.7963,227
62.2629,25.7959,223
62.2628,25.7955,242
62.2626,25.7951,223
62.2625,25.7948,234
62.2624,25.7943,247
62.2622,25.7936,239
62.2621,25.7930,250
62.2620,25.7923,253
62.2618,25.7916,239
62.2617,25.7908,255
62.2616,25.7900,255
62.2614,25.7894,234
62.2613,25.7886,255
62.2612,25.7879,253
62.2611,25.7873,250
62.2609,25.7865,242
62.2608,25.7858,253
62.2607,25.7853,247
62.2606,25.7848,247
62.2605,25.7843,247
62.2604,25.7839,242
62.2603,25.7835,242
62.2602,25.7831,242
62.2602,25.7829,270
62.2602,25.7826,270
62.2602,25.7824,270
62.2602,25.7822,270
62.2602,25.7820,270
62.2602,25.7818,270
62.2602,25.7815,270
62.2602,25.7813,270
62.2602,25.7810,270
62.2602,25.7808,270
62.2602,25.7806,270
62.2602,25.7804,270
62.2602,25.7802,270
62.2602,25.7799,270
62.2603,25.7796,306
62.2604,25.7793,306
62.2604,25.7791,270
62.2603,25.7789,223
62.2602,25.7789,180
62.2601,25.7790,155
62.2599,25.7790,180
62.2598,25.7789,205
62.2596,25.7789,180
62.2594,25.7788,193
62.2593,25.7786,223
62.2591,25.7786,180
62.2588,25.7785,189
62.2587,25.7784,205
62.2585,25.7784,180
62.2582,25.7783,189
62.2581,25.7782,205
62.2579,25.7782,180
62.2578,25.7781,205
62.2574,25.7779,193
62.2571,25.7778,189
62.2566,25.7776,191
62.2563,25.7775,189
62.2557,25.7772,193
62.2554,25.7771,189
62.2550,25.7770,187
62.2546,25.7768,193
62.2543,25.7767,189
62.2540,25.7769,163
62.2539,25.7769,180
62.2539,25.7768,270
62.2538,25.7767,205
62.2538,25.7765,270
62.2537,25.7764,205
62.2536,25.7762,223
62.2535,25.7760,223
62.2534,25.7759,205
62.2525,25.7741,223
62.2523,25.7736,229
62.2521,25.7732,223
62.2518,25.7728,212
62.2516,25.7723,229
62.2515,25.7720,234
62.2513,25.7715,229
62.2510,25.7709,223
62.2509,25.7704,247
62.2508,25.7700,242
62.2506,25.7695,229
62.2505,25.7690,247
62.2504,25.7686,242
62.2503,25.7680,250
62.2501,25.7673,239
62.2501,25.7671,270
62.2501,25.7670,270
62.2501,25.7669,270
62.2500,25.7668,205
62.2499,25.7664,242
62.2499,25.7660,270
62.2498,25.7655,247
62.2497,25.7652,234
62.2496,25.7648,242
62.2495,25.7645,234
62.2494,25.7642,234
62.2493,25.7639,234
62.2492,25.7637,223
62.2491,25.7634,234
62.2490,25.7630,242
62.2489,25.7629,205
62.2488,25.7628,205
62.2487,25.7626,223
62.2487,25.7625,270
62.2486,25.7625,180
62.2485,25.7623,223
62.2484,25.7622,205
62.2483,25.7621,205
62.2482,25.7619,223
62.2481,25.7618,205
62.2480,25.7617,205
62.2479,25.7617,180
62.2478,25.7615,223
62.2477,25.7614,205
62.2476,25.7612,223
62.2476,25.7612,0
62.2475,25.7611,205
62.2474,25.7609,223
62.2473,25.7608,205
62.2472,25.7607,205
62.2471,25.7605,223
62.2471,25.7604,270
62.2470,25.7602,223
62.2469,25.7600,223
62.2468,25.7598,223
62.2467,25.7597,205
62.2466,25.7596,205
62.2465,25.7594,223
62.2464,25.7591,234
62.2461,25.7586,218
62.2459,25.7582,223
62.2457,25.7577,229
62.2454,25.7570,227
62.2450,25.7564,215
62.2448,25.7559,229
62.2445,25.7555,212
62.2443,25.7554,193
62.2439,25.7554,180
62.2436,25.7554,180
62.2433,25.7551,205
62.2433,25.7551,0
62.2432,25.7550,205
62.2433,25.7543,287
62.2433,25.7540,270
62.2434,25.7536,298
62.2434,25.7534,270
62.2435,25.7532,317
62.2433,25.7528,223
62.2431,25.7525,215
62.2430,25.7522,234
62.2428,25.7518,223
62.2427,25.7515,234
62.2425,25.7512,215
62.2424,25.7510,223
62.2422,25.7506,223
62.2420,25.7503,215
62.2419,25.7500,234
62.2417,25.7497,215
62.2416,25.7494,234
62.2414,25.7490,223
62.2412,25.7486,223
62.2411,25.7485,205
62.2410,25.7483,223
62.2410,25.7481,270
62.2409,25.7479,223
62.2408,25.7479,180
62.2408,25.7478,270
62.2408,25.7477,270
62.2407,25.7477,180
62.2407,25.7476,270
62.2406,25.7473,234
62.2404,25.7471,205
62.2404,25.7470,270
62.2402,25.7467,215
62.2401,25.7465,223
62.2400,25.7462,234
62.2399,25.7460,223
62.2398,25.7458,223
62.2397,25.7456,223
62.2395,25.7452,223
62.2394,25.7449,234
62.2392,25.7447,205
62.2391,25.7444,234
62.2390,25.7442,223
62.2389,25.7439,234
62.2388,25.7438,205
62.2387,25.7436,223
62.2385,25.7432,223
62.2383,25.7429,215
62.2379,25.7422,219
62.2377,25.7415,239
62.2373,25.7408,219
62.2371,25.7405,215
62.2368,25.7413,129
62.2364,25.7422,134
62.2362,25.7427,131
62.2357,25.7435,143
62.2355,25.7442,122
62.2357,25.7454,70
62.2362,25.7467,51
62.2370,25.7484,45
62.2377,25.7498,43
62.2382,25.7509,46
62.2387,25.7523,53
62.2382,25.7541,121
62.2378,25.7555,122
62.2372,25.7570,131
62.2368,25.7581,128
62.2364,25.7589,137
62.2361,25.7603,115
62.2357,25.7613,131
62.2354,25.7620,133
62.2351,25.7626,137
62.2348,25.7633,133
62.2344,25.7641,137
62.2341,25.7647,137
62.2338,25.7653,137
62.2334,25.7659,145
62.2330,25.7665,145
62.2326,25.7671,145
62.2319,25.7680,149
62.2316,25.7683,155
62.2314,25.7684,167
62.2313,25.7685,155
62.2311,25.7685,180
62.2310,25.7688,126
62.2308,25.7689,167
62.2307,25.7691,137
62.2305,25.7693,155
62.2302,25.7695,163
62.2301,25.7697,137
62.2299,25.7699,155
62.2297,25.7701,155
62.2296,25.7704,126
62.2294,25.7706,155
62.2292,25.7710,137
62.2290,25.7713,145
62.2288,25.7719,126
62.2284,25.7726,141
62.2282,25.7733,122
62.2279,25.7739,137
62.2278,25.7739,180
62.2277,25.7737,223
62.2277,25.7736,270
62.2276,25.7734,223
62.2273,25.7731,205
62.2271,25.7729,205
62.2269,25.7729,180